24 28.843333333333334 58
20 24.916666666666668 162
20 26.276666666666667 161
20 30.305 162
22 44.13 162
20 64.57666666666667 162
20 87.81333333333333 162
22 98.78 162
20 101.97833333333334 209
20 105.995 209
20 104.39166666666667 162
20 105.835 209
20 104.50166666666667 209
20 104.37833333333333 209
20 106.035 210
25 110.36833333333334 351
20 105.93666666666667 254
20 107.94666666666667 351
20 108.12666666666667 351
20 108.34833333333333 351
20 100.96166666666667 351
19 113.46333333333334 351
19 124.62333333333333 351
19 141.59333333333333 351
20 145.42333333333335 351
20 156.44166666666666 351
21 168.96166666666667 351
20 171.76666666666668 351
20 185.59666666666666 351
20 186.78333333333333 351
20 195.415 351
20 190.935 351
20 194.24 351
20 193.13333333333333 351
20 190.94666666666666 351
20 195.42666666666668 351
19 189.265 351
20 192.33166666666668 351
20 187.59166666666667 351
22 192.30333333333334 351
22 112.96666666666667 351
20 182.52 351
20 196.02 351
20 191.73833333333334 351
20 196.05 351
20 194.28 351
21 193.19333333333333 351
21 194.26666666666668 351
20 190.83166666666668 352
20 191.68166666666667 351
20 192.88833333333332 351
20 190.03 351
20 192.175 351
20 190.185 351
20 136.895 351
20 193.20333333333335 351
20 186.38166666666666 351
20 196.16333333333333 351
20 194.32333333333332 351
20 187.35166666666666 351
21 195.19 351
20 189.65833333333333 351
20 199.055 351
20 191.08166666666668 351
20 192.48333333333332 351
20 196.52 351
20 194.04166666666666 351
20 193.64833333333334 351
20 191.53833333333333 351
21 190.12166666666667 351
20 195.74666666666667 352
20 192.21666666666667 351
